progan: 99.8  100.0  99.9
cyclegan: 96.6  99.4  98.0
biggan: 98.1  94.5  96.3
stylegan: 99.0  74.5  86.75
gaugan: 98.9  100.0  99.45
stargan: 91.7  98.7  95.2
deepfake: 96.5  46.3  71.4
sitd: 35.0  84.0  59.5
san: 97.0  22.0  59.5
crn: 100.0  20.2  60.1
imle: 100.0  52.7  76.35
guided: 93.5  52.8  73.15
ldm_200: 97.9  94.5  96.2
ldm_200_cfg: 97.9  59.6  78.75
ldm_100: 97.9  95.8  96.85
glide_100_27: 97.9  63.8  80.85
glide_50_27: 97.9  66.5  82.2
glide_100_10: 97.9  62.7  80.3
dalle: 97.9  85.7  91.8
