progan: 100.0  100.0  100.0
cyclegan: 99.6  96.6  98.1
biggan: 99.4  87.3  93.35
stylegan: 100.0  69.9  84.95
gaugan: 99.5  99.3  99.4
stargan: 98.4  97.0  97.7
deepfake: 99.5  32.9  66.2
sitd: 89.0  54.0  71.5
san: 100.0  13.0  56.5
crn: 100.0  13.0  56.5
imle: 100.0  36.1  68.05
guided: 98.9  33.9  66.4
ldm_200: 99.5  85.4  92.45
ldm_200_cfg: 99.5  37.5  68.5
ldm_100: 99.5  86.5  93.0
glide_100_27: 99.5  57.4  78.45
glide_50_27: 99.5  58.8  79.15
glide_100_10: 99.5  54.0  76.75
dalle: 99.5  61.1  80.3

6个更好