progan: 100.0  100.0  100.0
cyclegan: 99.7  94.9  97.3
biggan: 99.8  84.6  92.2
stylegan: 100.0  71.0  85.5
gaugan: 99.9  99.3  99.6
stargan: 99.4  90.8  95.1
deepfake: 99.6  35.5  67.55
sitd: 79.0  69.0  74.0
san: 100.0  15.0  57.5
crn: 99.9  17.9  58.9
imle: 99.9  47.6  73.75
guided: 99.1  29.9  64.5
ldm_200: 99.7  82.0  90.85
ldm_200_cfg: 99.7  33.3  66.5
ldm_100: 99.7  80.9  90.3
glide_100_27: 99.7  54.9  77.3
glide_50_27: 99.7  57.9  78.8
glide_100_10: 99.7  54.2  76.95
dalle: 99.7  51.6  75.65

8个更好