progan: 100.0  100.0  100.0
cyclegan: 99.5  96.4  97.95
biggan: 99.7  86.3  93.0
stylegan: 100.0  70.6  85.3
gaugan: 99.5  99.2  99.35
stargan: 97.9  96.0  96.95
deepfake: 99.5  30.7  65.1
sitd: 87.0  58.0  72.5
san: 100.0  14.0  57.0
crn: 100.0  12.8  56.4
imle: 100.0  35.0  67.5
guided: 99.1  32.7  65.9
ldm_200: 99.4  85.6  92.5
ldm_200_cfg: 99.4  36.0  67.7
ldm_100: 99.4  86.3  92.85
glide_100_27: 99.4  55.4  77.4
glide_50_27: 99.4  56.3  77.85
glide_100_10: 99.4  52.0  75.7
dalle: 99.4  58.8  79.1

6个更好