progan: 99.9  100.0  99.95
cyclegan: 97.2  99.0  98.1
biggan: 98.0  94.1  96.05
stylegan: 99.3  72.8  86.05
gaugan: 99.1  100.0  99.55
stargan: 91.2  98.7  94.95
deepfake: 97.0  39.3  68.15
sitd: 44.0  81.0  62.5
san: 97.0  19.0  58.0
crn: 100.0  16.6  58.3
imle: 100.0  45.9  72.95
guided: 94.3  49.2  71.75
ldm_200: 97.6  92.7  95.15
ldm_200_cfg: 97.6  56.1  76.85
ldm_100: 97.6  94.6  96.1
glide_100_27: 97.6  61.9  79.75
glide_50_27: 97.6  63.8  80.7
glide_100_10: 97.6  59.9  78.75
dalle: 97.6  81.5  89.55

15个更好