progan: 99.9  100.0  99.95
cyclegan: 98.8  98.4  98.6
biggan: 99.0  89.6  94.3
stylegan: 99.5  68.3  83.9
gaugan: 99.6  99.8  99.7
stargan: 97.2  94.9  96.05
deepfake: 98.6  26.8  62.7
sitd: 67.0  72.0  69.5
san: 98.0  17.0  57.5
crn: 100.0  12.9  56.45
imle: 100.0  37.5  68.75
guided: 96.9  39.6  68.25
ldm_200: 99.7  86.7  93.2
ldm_200_cfg: 99.7  44.0  71.85
ldm_100: 99.7  88.1  93.9
glide_100_27: 99.7  58.8  79.25
glide_50_27: 99.7  61.0  80.35
glide_100_10: 99.7  56.9  78.3
dalle: 99.7  72.9  86.3

10个更好