progan: 99.9  100.0  99.95
cyclegan: 98.5  98.7  98.6
biggan: 97.9  92.5  95.2
stylegan: 99.7  70.4  85.05
gaugan: 99.2  100.0  99.6
stargan: 88.4  98.2  93.3
deepfake: 95.2  39.5  67.35
sitd: 54.0  65.0  59.5
san: 98.0  17.0  57.5
crn: 100.0  11.5  55.75
imle: 100.0  35.4  67.7
guided: 95.7  43.5  69.6
ldm_200: 98.3  90.2  94.25
ldm_200_cfg: 98.3  49.5  73.9
ldm_100: 98.3  91.6  94.95
glide_100_27: 98.3  58.2  78.25
glide_50_27: 98.3  59.4  78.85
glide_100_10: 98.3  56.9  77.6
dalle: 98.3  77.0  87.65

5