progan: 99.9  100.0  99.95
cyclegan: 98.9  98.4  98.65
biggan: 98.1  92.2  95.15
stylegan: 99.4  69.5  84.45
gaugan: 99.3  100.0  99.65
stargan: 93.6  98.1  95.85
deepfake: 94.8  40.2  67.5
sitd: 53.0  69.0  61.0
san: 98.0  15.0  56.5
crn: 100.0  11.3  55.65
imle: 100.0  36.4  68.2
guided: 96.5  42.9  69.7
ldm_200: 98.8  90.0  94.4
ldm_200_cfg: 98.8  49.0  73.9
ldm_100: 98.8  91.3  95.05
glide_100_27: 98.8  58.1  78.45
glide_50_27: 98.8  59.2  79.0
glide_100_10: 98.8  57.1  77.95
dalle: 98.8  75.8  87.3

github项目中给出的权重